Blues counts: 
44.30769230769231
44.308034188034185
44.30871794871795
44.310192307692304
44.312927350427344
44.31930555555555
44.33157051282051
44.34977564102564
44.37208333333333
44.39364316239316
44.413237179487176
44.43064102564102
44.44725427350427
44.46443376068376
44.480192307692306
44.49443376068376
44.50780982905983
44.52019230769231
44.531858974358975
44.54334401709402
44.5544764957265
44.56534188034188
44.57626068376069
44.58596153846154
44.59602564102564
44.60594017094017
44.61588675213675
44.62491452991453
44.633835470085465
44.64276709401709
44.65123931623931
44.660074786324785
44.66932692307692
44.67815170940171
44.68690170940171
44.69600427350427
44.704935897435895
44.71391025641025
44.72175213675213
44.730320512820505
44.738440170940166
44.74583333333333
44.752585470085464
44.75936965811965
44.76634615384615
44.77353632478632
44.78069444444444
44.7878952991453
44.79417735042735
44.800844017094015
44.80799145299145
44.815694444444446
44.823696581196586
44.83142094017094
44.839209401709404
44.84762820512821
44.85586538461539
44.86458333333334
44.872179487179494
44.87956196581197
44.886196581196586
44.892307692307696
44.89823717948718
44.90377136752137
44.90926282051282
44.91538461538462
44.920950854700855
44.926602564102566
44.93169871794872
44.9369764957265
44.94222222222223
44.947500000000005
44.95180555555556
44.95641025641026
44.96138888888889
44.96584401709402
44.970459401709405
44.9753311965812
44.98024572649573
44.9853311965812
44.990523504273504
44.99564102564103
45.00106837606838
45.00699786324787
45.013066239316245
45.0190170940171
45.02584401709402
45.03382478632479
45.042329059829065
45.050331196581205
45.05767094017095
45.06471153846155
45.07087606837608
45.07652777777779
45.082072649572666
45.087756410256425
45.09339743589745
45.09867521367523
45.10392094017096
45.10920940170942
45.11386752136754
45.11764957264959
45.121517094017115
45.125833333333354
45.130096153846175
45.13385683760686
45.1378418803419
45.141837606837626
45.14512820512822
45.14911324786327
45.153173076923096
45.1571153846154
45.1604700854701
45.163408119658136
45.16557692307694
45.16732905982908
45.16852564102566
45.16933760683762
45.16985042735044
45.17011752136754
45.17039529914531
45.17066239316241
45.1708012820513
45.17097222222224
45.17111111111113
45.171271367521385
45.171367521367536
45.17150641025643
45.17168803418805
45.17182692307694
45.17197649572652
45.172126068376095
45.172222222222246
45.17233974358977
45.17250000000002
45.172681623931645
45.17280982905985
45.172970085470105
45.17313034188036
45.1733012820513
45.17351495726497
45.17363247863249
45.173835470085486
45.17399572649574
45.174177350427364
45.174391025641036
45.17459401709403
45.17481837606839
45.174989316239326
45.17517094017095
45.17528846153847
45.17545940170941
45.175737179487186
45.17595085470086
45.17615384615385
45.17637820512821
45.17659188034188
45.17693376068376
45.1771688034188
45.17745726495726
45.17775641025641
45.178098290598285
45.178386752136745
45.17868589743589
45.178985042735036
45.179294871794866
45.1796688034188
45.18009615384615
45.180470085470084
45.1808547008547
45.181185897435896
45.18150641025641
45.18189102564103
45.18225427350428
45.18262820512821
45.18305555555556
45.18344017094018
45.184027777777786
45.18477564102565
45.185470085470094
45.18619658119659
45.187072649572656
45.1880982905983
45.18897435897436
45.190149572649574
45.19160256410257
45.19324786324787
45.19508547008547
45.197339743589744
45.20106837606838
45.205651709401714
45.2123076923077
45.220918803418805
45.231912393162396
45.243279914529914
45.25376068376068
45.263311965811965
45.27178418803419
45.28003205128205
45.287350427350425
45.29322649572649
45.297147435897436
45.29875
45.29932692307692
45.29961538461538
45.299764957264955
45.299797008547
45.29982905982905
45.29982905982905
45.29988247863247
45.2999252136752
45.299967948717935
45.29997863247862
45.29999999999999
45.30003205128204
45.300064102564086
45.30007478632477
45.300117521367504
45.30014957264955
45.30017094017092
45.300213675213655
45.300235042735025
45.30026709401707
45.30029914529912
45.300309829059806
45.300341880341854
45.300363247863224
45.30039529914527
45.30044871794869
45.30047008547006
45.30050213675211
45.30052350427348
45.30054487179485
45.300598290598266
45.30060897435895
45.300651709401684
45.300673076923054
45.300694444444424
45.300715811965794
45.30072649572648
45.30076923076921
45.30079059829058
45.300844017094
45.30087606837605
45.3009081196581
45.30092948717947
45.300982905982885
45.30102564102562
45.301079059829036
45.301132478632454
45.30118589743587
45.30123931623929
45.301346153846126
45.3016239316239
45.30261752136749
45.30735042735039
