Blues counts: 
0.0
0.0
0.0
0.0
3.205128205128205E-5
1.6025641025641026E-4
4.807692307692308E-4
0.001047008547008547
0.0022542735042735042
0.004497863247863248
0.008034188034188034
0.01295940170940171
0.01955128205128205
0.02688034188034188
0.03502136752136752
0.04385683760683761
0.052638888888888895
0.061089743589743596
0.06995726495726497
0.07844017094017094
0.08699786324786325
0.0951923076923077
0.1041025641025641
0.11257478632478633
0.1208974358974359
0.12919871794871796
0.1375320512820513
0.14686965811965813
0.15659188034188035
0.16691239316239317
0.17566239316239318
0.1849252136752137
0.1955235042735043
0.20550213675213677
0.216741452991453
0.2283760683760684
0.23927350427350427
0.24972222222222223
0.25916666666666666
0.26881410256410254
0.2776602564102564
0.286559829059829
0.29511752136752134
0.30374999999999996
0.3120726495726495
0.32091880341880336
0.3294337606837606
0.3389743589743589
0.350042735042735
0.3615918803418803
0.37278846153846146
0.383344017094017
0.3947115384615384
0.40472222222222215
0.4142307692307692
0.4234401709401709
0.43249999999999994
0.44199786324786317
0.45148504273504264
0.4606517094017093
0.47008547008546997
0.4790918803418802
0.4892094017094016
0.49913461538461523
0.5086004273504272
0.5187713675213674
0.5291132478632478
0.5382905982905982
0.5469551282051281
0.5559294871794871
0.5645085470085469
0.5729059829059828
0.5806623931623931
0.5883440170940171
0.5959829059829059
0.6044230769230768
0.6125961538461537
0.6211538461538461
0.6284401709401708
0.6354059829059827
0.6428525641025639
0.6500641025641023
0.657532051282051
0.6654487179487177
0.6726816239316237
0.6802350427350424
0.6879487179487176
0.6958974358974356
0.70409188034188
0.7122329059829056
0.7201282051282047
0.727660256410256
0.7337927350427347
0.7391559829059825
0.7442628205128201
0.7494871794871791
0.7534508547008544
0.7569871794871792
0.7600427350427348
0.7624786324786322
0.7645940170940169
0.765886752136752
0.7669871794871793
0.7678098290598289
0.768472222222222
0.7692200854700852
0.7698183760683759
0.7706089743589741
0.7712606837606836
0.7719658119658118
0.7727564102564101
0.7735470085470083
0.7743055555555554
0.7753205128205126
0.7762713675213673
0.7772756410256407
0.7786111111111108
0.7799679487179484
0.7814529914529911
0.7831196581196578
0.7849038461538458
0.7866880341880338
0.7883547008547005
0.7897970085470082
0.790961538461538
0.7922435897435893
0.7935576923076919
0.7945512820512817
0.7958119658119654
0.7970940170940167
0.7983547008547005
0.799850427350427
0.8014423076923073
0.8028952991452988
0.8046474358974355
0.8066987179487175
0.8086111111111106
0.8104273504273499
0.8128418803418799
0.8148824786324782
0.816720085470085
0.8189209401709397
0.8210576923076919
0.8230876068376064
0.8249572649572645
0.8265705128205124
0.8283333333333329
0.8298717948717944
0.8315598290598286
0.8330341880341876
0.8345192307692303
0.8357585470085466
0.836987179487179
0.838194444444444
0.839401709401709
0.8405021367521364
0.8420405982905979
0.8434188034188029
0.8452029914529909
0.8471367521367517
0.8491666666666662
0.8513675213675209
0.85417735042735
0.8581837606837602
0.8637393162393158
0.8701495726495722
0.8773717948717944
0.8845619658119653
0.8922756410256405
0.9007371794871789
0.9098611111111106
0.918814102564102
0.9280982905982901
0.937606837606837
0.9483547008547003
0.9593482905982901
0.9695192307692303
0.9774465811965807
0.9830448717948713
0.9863568376068371
0.9878205128205123
0.988547008547008
0.9888141025641021
0.9888782051282047
0.9888888888888885
0.9888888888888885
0.9888888888888885
0.9888888888888885
0.9888888888888885
0.9888888888888885
0.9888888888888885
0.9888888888888885
0.9888888888888885
0.9888888888888885
0.9888888888888885
0.9888888888888885
0.9888888888888885
0.9888888888888885
0.9888888888888885
0.9888888888888885
0.9888888888888885
0.9888888888888885
0.9888888888888885
0.9888888888888885
0.9888888888888885
0.9888888888888885
0.9888888888888885
0.9888888888888885
0.9888888888888885
0.9888888888888885
0.9888888888888885
0.9888888888888885
0.9888888888888885
0.9888888888888885
0.9888888888888885
0.9888888888888885
0.9888888888888885
0.9888888888888885
0.9888888888888885
0.9888888888888885
0.9888888888888885
0.9888888888888885
0.9888888888888885
0.9888888888888885
0.9888888888888885
0.9888888888888885
0.9888888888888885
0.9888888888888885
0.9888888888888885
0.9888888888888885
0.9888888888888885
0.9888888888888885
0.9888888888888885
0.9888888888888885
0.9888888888888885
0.9888888888888885
0.9888888888888885
0.9888888888888885
0.9888888888888885
0.9888888888888885
0.9888888888888885
0.9888888888888885
0.9888888888888885
0.9888888888888885
0.9888888888888885
0.9888888888888885
0.9888888888888885
0.9888888888888885
0.9888888888888885
0.9888888888888885
0.9888888888888885
0.9889850427350423
0.9893589743589739
0.9915277777777773
0.9922008547008543
0.9999999999999996
