
Blues counts: 
12.461538461538462
12.461602564102565
12.461720085470086
12.462521367521369
12.464155982905984
12.469027777777779
12.47988247863248
12.49570512820513
12.519615384615385
12.548173076923078
12.576997863247865
12.605320512820514
12.632660256410258
12.658931623931625
12.682361111111113
12.702115384615388
12.718504273504276
12.731997863247866
12.743012820512822
12.752938034188036
12.76269230769231
12.77274572649573
12.782382478632481
12.791164529914532
12.800267094017096
12.808269230769232
12.816623931623933
12.82428418803419
12.831217948717951
12.838247863247865
12.8449358974359
12.852190170940172
12.85936965811966
12.866773504273505
12.874722222222223
12.883044871794873
12.891976495726496
12.900288461538462
12.90815170940171
12.916089743589746
12.923354700854704
12.93084401709402
12.938386752136756
12.946709401709406
12.954797008547013
12.962756410256414
12.970000000000004
12.977371794871798
12.984497863247867
12.991378205128209
12.998696581196585
13.005726495726499
13.013151709401713
13.019978632478637
13.027051282051286
13.033771367521371
13.040608974358978
13.047040598290602
13.054220085470089
13.061463675213679
13.068835470085473
13.076623931623935
13.084444444444447
13.091506410256413
13.098354700854703
13.10544871794872
13.112061965811968
13.118835470085472
13.126025641025644
13.13294871794872
13.139829059829061
13.146538461538464
13.152756410256412
13.158824786324788
13.165213675213677
13.170897435897437
13.17681623931624
13.18207264957265
13.187617521367521
13.193237179487179
13.199284188034188
13.205811965811966
13.21238247863248
13.21880341880342
13.225064102564103
13.231794871794872
13.238087606837606
13.244529914529913
13.250929487179485
13.257542735042733
13.264690170940169
13.27122863247863
13.27773504273504
13.284220085470084
13.29128205128205
13.297970085470084
13.304401709401708
13.3109188034188
13.317970085470083
13.325117521367519
13.331730769230766
13.337414529914527
13.342638888888887
13.347510683760682
13.351837606837604
13.355715811965808
13.35924145299145
13.362211538461535
13.3646688034188
13.366805555555553
13.368995726495724
13.370854700854698
13.372329059829058
13.373664529914528
13.374668803418801
13.375363247863246
13.375897435897434
13.376538461538459
13.37691239316239
13.377168803418801
13.377361111111108
13.377660256410254
13.377948717948716
13.378290598290596
13.378579059829057
13.378846153846151
13.379177350427348
13.37941239316239
13.379786324786322
13.380042735042732
13.380299145299142
13.380608974358971
13.3809188034188
13.381196581196576
13.381485042735038
13.381752136752132
13.382019230769226
13.382264957264953
13.382585470085466
13.38285256410256
13.383119658119654
13.38345085470085
13.38379273504273
13.384081196581192
13.384348290598286
13.384551282051277
13.384807692307687
13.385053418803414
13.385438034188029
13.385630341880336
13.385886752136747
13.38620726495726
13.386474358974354
13.38663461538461
13.386944444444438
13.387158119658114
13.387286324786318
13.387564102564095
13.387831196581189
13.38803418803418
13.388333333333325
13.388675213675205
13.38897435897435
13.389348290598281
13.389594017094009
13.389914529914522
13.390235042735036
13.390576923076916
13.390908119658112
13.391196581196574
13.39161324786324
13.391997863247855
13.392339743589735
13.392809829059821
13.39311965811965
13.393536324786316
13.39397435897435
13.394391025641017
13.394797008547
13.395245726495718
13.395683760683752
13.396207264957257
13.396655982905974
13.39707264957264
13.397574786324778
13.39820512820512
13.39885683760683
13.39947649572649
13.400181623931617
13.400918803418797
13.401688034188028
13.402414529914525
13.403344017094012
13.404433760683755
13.405363247863242
13.406303418803413
13.407660256410251
13.408685897435893
13.409893162393157
13.411207264957259
13.412393162393156
13.413814102564096
13.415128205128198
13.416666666666659
13.418450854700847
13.421089743589736
13.42462606837606
13.429433760683752
13.434690170940161
13.43926282051281
13.443269230769221
13.446581196581187
13.44957264957264
13.45280982905982
13.45587606837606
13.458408119658111
13.460085470085462
13.460886752136744
13.461207264957258
13.461346153846147
13.461399572649565
13.4614423076923
13.4614423076923
13.4614423076923
13.4614423076923
13.4614423076923
13.4614423076923
13.4614423076923
13.4614423076923
13.4614423076923
13.4614423076923
13.4614423076923
13.4614423076923
13.4614423076923
13.4614423076923
13.4614423076923
13.4614423076923
13.4614423076923
13.4614423076923
13.4614423076923
13.4614423076923
13.4614423076923
13.4614423076923
13.4614423076923
13.4614423076923
13.4614423076923
13.4614423076923
13.4614423076923
13.4614423076923
13.4614423076923
13.4614423076923
13.4614423076923
13.4614423076923
13.4614423076923
13.4614423076923
13.4614423076923
