
Blues counts: 
4.153846153846154
4.153899572649573
4.1542094017094024
4.154636752136753
4.155384615384616
4.157564102564103
4.160459401709402
4.164850427350427
4.170982905982906
4.180042735042735
4.190459401709402
4.201773504273505
4.214850427350428
4.228835470085471
4.2441452991453
4.260181623931625
4.275331196581197
4.290769230769231
4.306495726495727
4.3202991452991455
4.334604700854701
4.349262820512821
4.363653846153847
4.378269230769232
4.392831196581198
4.4075000000000015
4.422467948717951
4.438386752136754
4.453525641025643
4.468130341880344
4.482275641025643
4.496367521367523
4.510160256410257
4.523675213675214
4.535064102564103
4.546378205128206
4.556655982905983
4.566367521367522
4.5755982905982915
4.584797008547009
4.594262820512821
4.60349358974359
4.613397435897436
4.623557692307693
4.633461538461539
4.643547008547009
4.653942307692309
4.663920940170941
4.675555555555556
4.686912393162394
4.699177350427351
4.710929487179488
4.721452991452992
4.7317307692307695
4.741217948717949
4.749668803418804
4.757681623931624
4.765170940170941
4.771997863247863
4.778653846153846
4.7850747863247864
4.791933760683761
4.799081196581197
4.806880341880342
4.815042735042735
4.823739316239316
4.83207264957265
4.840352564102565
4.8490811965811975
4.857318376068377
4.866250000000001
4.87556623931624
4.884561965811966
4.893568376068377
4.9028846153846155
4.911549145299145
4.920448717948718
4.928397435897436
4.93659188034188
4.944273504273504
4.951474358974359
4.957916666666667
4.963237179487179
4.968557692307692
4.973514957264957
4.977435897435897
4.980822649572649
4.983835470085469
4.986121794871794
4.987980769230768
4.989711538461537
4.99136752136752
4.992692307692306
4.993664529914528
4.994508547008545
4.9952991452991435
4.99597222222222
4.996420940170938
4.996816239316237
4.997211538461536
4.997574786324784
4.997873931623929
4.998194444444442
4.998579059829058
4.998846153846151
4.9991452991452965
4.9994871794871765
4.999775641025638
5.000160256410254
5.000480769230767
5.000822649572647
5.001175213675211
5.0015064102564075
5.001976495726493
5.002777777777775
5.004113247863245
5.005641025641022
5.007532051282048
5.009636752136749
5.0116346153846125
5.013621794871792
5.015288461538459
5.016901709401707
5.01872863247863
5.0206730769230745
5.022200854700852
5.0235470085470055
5.025074786324783
5.026463675213672
5.027831196581194
5.0293589743589715
5.030694444444442
5.031923076923074
5.0332692307692275
5.034572649572646
5.035641025641023
5.036976495726493
5.0379914529914505
5.039123931623929
5.0399465811965785
5.040854700854698
5.041602564102561
5.042382478632476
5.043237179487177
5.044081196581193
5.045042735042732
5.04608974358974
5.046837606837603
5.047617521367518
5.048429487179484
5.0492094017093985
5.050096153846151
5.050844017094014
5.051634615384613
5.052884615384612
5.054829059829057
5.056923076923074
5.058974358974356
5.0613568376068345
5.063579059829057
5.065608974358971
5.067307692307689
5.0689529914529885
5.070715811965809
5.07273504273504
5.0747649572649545
5.0769551282051255
5.079326923076921
5.081549145299143
5.083568376068374
5.085384615384614
5.086955128205127
5.088322649572649
5.089636752136752
5.0906089743589735
5.091399572649572
5.092200854700854
5.093076923076922
5.093792735042735
5.0951602564102565
5.096452991452992
5.097532051282052
5.0990170940170945
5.10048076923077
5.10232905982906
5.1040811965811965
5.106677350427351
5.109711538461538
5.114059829059829
5.120662393162393
5.127414529914529
5.133205128205128
5.13784188034188
5.142895299145299
5.147692307692307
5.151079059829059
5.152959401709401
5.153514957264957
5.153760683760683
5.153803418803418
5.153814102564102
5.153814102564102
5.153814102564102
5.153814102564102
5.153814102564102
5.153814102564102
5.153814102564102
5.153814102564102
5.153814102564102
5.153814102564102
5.153814102564102
5.153814102564102
5.153814102564102
5.153814102564102
5.153814102564102
5.153814102564102
5.153814102564102
5.153814102564102
5.153814102564102
5.153814102564102
5.153814102564102
5.153814102564102
5.153814102564102
5.153814102564102
5.153814102564102
5.153814102564102
5.153814102564102
5.153814102564102
5.153814102564102
5.153814102564102
5.153814102564102
5.153814102564102
5.153814102564102
5.153814102564102
5.153814102564102
5.153814102564102
5.153814102564102
5.153814102564102
5.153814102564102
5.153814102564102
5.153814102564102
5.153814102564102
5.153814102564102
5.153814102564102
5.153814102564102
5.153814102564102
5.153814102564102
5.153814102564102
5.153814102564102
5.153814102564102
5.153814102564102
5.153814102564102
5.153814102564102
5.153814102564102
5.153814102564102
5.153814102564102
