Blues counts: 
0.0
1.0683760683760684E-5
1.0683760683760684E-5
3.205128205128205E-5
1.923076923076923E-4
8.226495726495727E-4
0.002361111111111111
0.004967948717948718
0.008835470085470086
0.013547008547008547
0.020245726495726497
0.02733974358974359
0.035534188034188036
0.04451923076923077
0.0532051282051282
0.06166666666666666
0.07076923076923076
0.08036324786324786
0.09080128205128205
0.1016559829059829
0.11294871794871794
0.12544871794871795
0.13801282051282052
0.15197649572649574
0.1657371794871795
0.18016025641025643
0.1934615384615385
0.20793803418803422
0.22230769230769235
0.23598290598290603
0.24967948717948724
0.2626068376068377
0.27563034188034197
0.2888247863247864
0.3010790598290599
0.314198717948718
0.32635683760683765
0.33815170940170947
0.3497115384615385
0.3605982905982906
0.3709081196581197
0.38116452991453
0.39065170940170946
0.39951923076923085
0.40844017094017104
0.41673076923076935
0.42512820512820526
0.43325854700854716
0.44111111111111123
0.4486004273504275
0.45592948717948734
0.4635256410256412
0.4704487179487181
0.477596153846154
0.48402777777777795
0.490320512820513
0.4960576923076925
0.5016880341880343
0.5075106837606839
0.513130341880342
0.5187286324786327
0.5242628205128207
0.5297542735042737
0.5351709401709404
0.5404914529914532
0.5461858974358976
0.5520085470085472
0.5578525641025642
0.5629273504273505
0.5686538461538463
0.5743269230769232
0.5796367521367523
0.5852243589743591
0.5905448717948719
0.5952457264957266
0.5998397435897437
0.6055448717948719
0.6106517094017095
0.6156410256410257
0.620854700854701
0.6260683760683762
0.6309294871794873
0.6360256410256411
0.6415064102564103
0.6480128205128206
0.6542628205128206
0.6605341880341881
0.6669444444444445
0.6729166666666667
0.679241452991453
0.6850747863247864
0.6914529914529914
0.6979166666666666
0.7044551282051281
0.7106944444444444
0.7169871794871795
0.7229166666666667
0.7283119658119658
0.7327350427350428
0.7365064102564103
0.7398183760683761
0.7425106837606837
0.7446367521367521
0.746025641025641
0.7473504273504272
0.7483119658119657
0.7491559829059827
0.7496474358974358
0.7501388888888888
0.7506303418803418
0.750982905982906
0.7513995726495726
0.7516987179487179
0.7520192307692307
0.752361111111111
0.7528205128205128
0.7531623931623931
0.7534508547008546
0.7537499999999999
0.7540170940170939
0.7543055555555555
0.7547008547008546
0.7551068376068375
0.7554380341880341
0.7558333333333332
0.7561538461538461
0.7565064102564102
0.7568803418803418
0.7572115384615384
0.7574679487179486
0.7578205128205128
0.7580555555555555
0.7584722222222221
0.7588141025641024
0.7591132478632477
0.7594444444444444
0.7599038461538461
0.7602670940170939
0.7606837606837605
0.7610149572649572
0.7615918803418802
0.7620085470085468
0.7624999999999998
0.7629273504273503
0.7633226495726494
0.7638247863247861
0.7643803418803417
0.7647756410256408
0.7652029914529912
0.7655876068376066
0.7659615384615382
0.7663247863247861
0.7667948717948715
0.7672970085470082
0.7678418803418801
0.7682799145299143
0.7688995726495724
0.7693055555555554
0.7697649572649571
0.7702350427350425
0.770747863247863
0.7712393162393161
0.7715598290598289
0.7720299145299143
0.7725534188034185
0.772938034188034
0.7734401709401707
0.7740277777777775
0.7745619658119656
0.7751709401709399
0.7757799145299142
0.7766346153846151
0.7773931623931621
0.7783653846153844
0.7794230769230767
0.7805128205128202
0.7814636752136749
0.7825320512820509
0.7838461538461535
0.7850106837606834
0.7864743589743586
0.7883974358974355
0.7903525641025637
0.7926602564102561
0.7953952991452988
0.7992521367521365
0.8036431623931621
0.8084508547008544
0.8131303418803416
0.8173931623931622
0.8222329059829058
0.8276602564102562
0.8347008547008545
0.8452564102564101
0.8590918803418801
0.8776068376068373
0.8989102564102561
0.9210256410256408
0.945299145299145
0.9686431623931622
0.9856944444444442
0.9943910256410254
0.9976068376068374
0.9986004273504272
0.998878205128205
0.9989743589743588
0.9989850427350426
0.9990064102564101
0.9990170940170939
0.9990277777777777
0.9990384615384615
0.9990384615384615
0.9990491452991453
0.9990598290598292
0.999070512820513
0.999070512820513
0.9990918803418805
0.9990918803418805
0.999113247863248
0.999113247863248
0.9991346153846155
0.9991346153846155
0.9991346153846155
0.9991452991452993
0.9991452991452993
0.9991559829059831
0.9991559829059831
0.9991559829059831
0.9991773504273506
0.9991773504273506
0.9991773504273506
0.9991987179487181
0.9991987179487181
0.9991987179487181
0.9992094017094019
0.9992200854700857
0.9992307692307695
0.9992307692307695
0.9992307692307695
0.9992414529914533
0.9992628205128208
0.9992628205128208
0.9992735042735046
0.9992735042735046
0.9992948717948721
0.9993055555555559
0.9993055555555559
0.9993055555555559
0.9993055555555559
0.9993269230769234
0.9993269230769234
0.9993376068376072
0.999348290598291
0.9993803418803423
0.9994978632478637
1.0000000000000004
