Greens counts: 
0.0
1.0683760683760684E-5
6.41025641025641E-5
3.846153846153846E-4
0.0016132478632478633
0.006132478632478632
0.01786324786324786
0.03321581196581196
0.05213675213675213
0.07229700854700855
0.0889102564102564
0.10412393162393162
0.11994658119658119
0.1371153846153846
0.15672008547008548
0.17507478632478635
0.19449786324786328
0.21459401709401713
0.23133547008547012
0.24684829059829064
0.25894230769230775
0.2694978632478633
0.2792094017094017
0.2888568376068376
0.2979380341880342
0.30633547008547013
0.31431623931623937
0.321741452991453
0.32806623931623935
0.33401709401709406
0.3395512820512821
0.34495726495726503
0.3501068376068377
0.35488247863247874
0.36006410256410265
0.36445512820512826
0.36902777777777784
0.3727564102564103
0.3764636752136753
0.38039529914529924
0.384155982905983
0.3875747863247864
0.3908119658119659
0.39354700854700864
0.39642094017094026
0.3991025641025642
0.40207264957264965
0.4047756410256411
0.40741452991453003
0.40996794871794884
0.41230769230769243
0.41516025641025656
0.4180341880341882
0.42100427350427366
0.424070512820513
0.42707264957264973
0.4304487179487181
0.43396367521367535
0.4372649572649574
0.4408760683760685
0.4450534188034189
0.44933760683760693
0.4529273504273505
0.4572970085470086
0.46133547008547016
0.46554487179487186
0.4698611111111112
0.4741239316239317
0.4788141025641026
0.4835149572649573
0.4878846153846154
0.4925320512820513
0.49730769230769234
0.5023824786324786
0.5073717948717948
0.5126388888888889
0.5177991452991453
0.5226388888888889
0.527094017094017
0.5317307692307692
0.5364636752136752
0.5413354700854701
0.5462179487179487
0.5513675213675213
0.5563782051282051
0.5613034188034188
0.5664957264957265
0.5720619658119659
0.5774786324786325
0.5833333333333334
0.58866452991453
0.5940705128205129
0.6001602564102565
0.6055448717948719
0.6117307692307694
0.6180128205128207
0.6246260683760686
0.6311645299145301
0.6374465811965814
0.6441132478632481
0.6510576923076925
0.6579594017094019
0.6644658119658122
0.6714209401709405
0.678002136752137
0.6849358974358978
0.6913034188034192
0.6980769230769235
0.7047649572649577
0.711581196581197
0.7180021367521372
0.7246901709401714
0.7308012820512825
0.7374893162393167
0.7445833333333338
0.7516987179487185
0.7588568376068381
0.7669017094017099
0.7745085470085474
0.7825000000000004
0.790373931623932
0.7982478632478636
0.8064529914529918
0.8140918803418806
0.8220512820512823
0.8308867521367523
0.8387286324786327
0.8475641025641028
0.8558547008547011
0.863888888888889
0.8710470085470087
0.8782585470085471
0.8847863247863249
0.8909081196581198
0.8963675213675215
0.9013675213675215
0.9055982905982908
0.9096367521367523
0.9127457264957267
0.9155555555555558
0.9179487179487181
0.9195940170940172
0.9208653846153847
0.9217948717948719
0.9224893162393163
0.9230021367521368
0.9233760683760684
0.9235897435897437
0.9237606837606839
0.9240277777777779
0.9243696581196582
0.9246794871794872
0.9249145299145299
0.9250961538461538
0.9252670940170941
0.9255555555555556
0.925758547008547
0.9260363247863248
0.926292735042735
0.9264850427350427
0.9267948717948717
0.9270833333333333
0.9273504273504273
0.9276175213675213
0.9279273504273503
0.9283333333333332
0.9286431623931622
0.9289209401709401
0.9292628205128204
0.9295619658119657
0.929861111111111
0.930128205128205
0.9304807692307692
0.9307799145299145
0.9310576923076923
0.9315064102564102
0.9319230769230769
0.9322649572649572
0.932628205128205
0.9330021367521366
0.933386752136752
0.9339529914529914
0.9344017094017093
0.9348290598290597
0.9352991452991452
0.9357371794871794
0.9363141025641024
0.9368482905982904
0.9375106837606836
0.9380982905982904
0.9385790598290596
0.9392841880341879
0.9398504273504272
0.9408012820512819
0.9417841880341878
0.9425213675213673
0.9435683760683758
0.9445192307692305
0.9454594017094015
0.94650641025641
0.9477243589743587
0.948696581196581
0.9500641025641023
0.9513782051282049
0.9527350427350425
0.9542094017094015
0.9557371794871793
0.9576602564102562
0.9602350427350426
0.9643055555555554
0.969679487179487
0.9752136752136751
0.9804166666666665
0.984145299145299
0.9871153846153845
0.9902670940170939
0.9934081196581195
0.9960042735042733
0.9980235042735041
0.9991880341880339
0.9997115384615382
0.9998824786324784
0.9999252136752134
0.999989316239316
0.9999999999999998
0.9999999999999998
0.9999999999999998
0.9999999999999998
0.9999999999999998
0.9999999999999998
0.9999999999999998
0.9999999999999998
0.9999999999999998
0.9999999999999998
0.9999999999999998
0.9999999999999998
0.9999999999999998
0.9999999999999998
0.9999999999999998
0.9999999999999998
0.9999999999999998
0.9999999999999998
0.9999999999999998
0.9999999999999998
0.9999999999999998
0.9999999999999998
0.9999999999999998
0.9999999999999998
0.9999999999999998
0.9999999999999998
0.9999999999999998
0.9999999999999998
0.9999999999999998
0.9999999999999998
0.9999999999999998
0.9999999999999998