Greens counts: 
0.0
0.0
0.0
9.615384615384615E-5
4.0598290598290604E-4
0.001762820512820513
0.004946581196581197
0.011314102564102564
0.020021367521367524
0.03091880341880342
0.04268162393162393
0.05388888888888889
0.06516025641025641
0.07701923076923077
0.08962606837606837
0.1020940170940171
0.11501068376068377
0.12862179487179487
0.14303418803418802
0.157275641025641
0.17094017094017092
0.1831196581196581
0.1947542735042735
0.20473290598290597
0.2144551282051282
0.22420940170940168
0.23324786324786323
0.24144230769230768
0.24881410256410255
0.2558440170940171
0.2625320512820513
0.26903846153846156
0.27556623931623936
0.28174145299145303
0.2877777777777778
0.29382478632478637
0.2997756410256411
0.30576923076923085
0.3113354700854702
0.3165705128205129
0.32205128205128214
0.3274893162393163
0.33310897435897446
0.3384081196581198
0.34352564102564115
0.34847222222222235
0.3529807692307694
0.3576495726495728
0.3624679487179489
0.3670405982905985
0.3719658119658122
0.37659188034188057
0.3814423076923079
0.38667735042735063
0.39129273504273526
0.3963782051282054
0.401260683760684
0.4064102564102567
0.41136752136752164
0.4157799145299148
0.42050213675213705
0.4246153846153849
0.4286111111111114
0.4325854700854704
0.43717948717948746
0.4415811965811969
0.44631410256410287
0.45080128205128234
0.45514957264957295
0.45946581196581227
0.46419871794871825
0.46864316239316267
0.47329059829059855
0.47842948717948747
0.4826709401709405
0.48681623931623963
0.49069444444444477
0.4951388888888892
0.4993269230769234
0.5036858974358978
0.5081623931623935
0.5122008547008551
0.5164209401709405
0.5209829059829063
0.52590811965812
0.5301709401709406
0.5352243589743594
0.5408440170940175
0.5477243589743594
0.5549252136752142
0.5626816239316245
0.5702136752136757
0.5768162393162398
0.5833867521367526
0.5898183760683765
0.5958119658119663
0.6020405982905987
0.6080662393162398
0.613461538461539
0.6184508547008551
0.6234081196581202
0.6277029914529919
0.6327350427350432
0.6375000000000005
0.6423611111111116
0.6479059829059834
0.6533867521367527
0.6589743589743595
0.6645512820512826
0.6694658119658125
0.6747649572649578
0.6799893162393168
0.6852777777777783
0.6910576923076929
0.6968482905982911
0.7026709401709407
0.708952991452992
0.7156517094017099
0.7224145299145304
0.729529914529915
0.7368589743589748
0.7449572649572654
0.7525000000000005
0.7588034188034193
0.7660256410256415
0.7727777777777782
0.7797863247863253
0.785779914529915
0.7913247863247869
0.7962927350427356
0.801495726495727
0.8062820512820518
0.8105021367521372
0.8150854700854706
0.8198183760683766
0.8243696581196587
0.8287500000000005
0.8335683760683766
0.8374038461538468
0.8415170940170946
0.8457585470085476
0.8495619658119664
0.853600427350428
0.8579487179487185
0.8619337606837613
0.8640705128205134
0.8655555555555561
0.866495726495727
0.8669123931623937
0.8671367521367527
0.8673504273504279
0.8675427350427356
0.8678205128205134
0.8680128205128211
0.8682051282051289
0.8683867521367528
0.8685149572649579
0.8687072649572656
0.8689316239316246
0.8691666666666673
0.8694551282051288
0.8697863247863254
0.8701282051282058
0.8703739316239323
0.8707585470085477
0.8711645299145306
0.8715384615384623
0.8718482905982913
0.8721367521367528
0.8725641025641032
0.8729166666666673
0.8732158119658127
0.8736111111111118
0.8739957264957272
0.8742948717948725
0.874722222222223
0.8751175213675221
0.8755021367521375
0.8758333333333341
0.8763247863247872
0.8768055555555564
0.8774786324786333
0.8781089743589752
0.8788141025641034
0.8798076923076932
0.8807585470085478
0.8819017094017102
0.8829807692307701
0.8841987179487187
0.885972222222223
0.8878952991453
0.8902884615384623
0.8937927350427358
0.8987927350427358
0.9060683760683769
0.9173931623931632
0.9330876068376076
0.9480128205128213
0.9581303418803427
0.9660576923076931
0.9735897435897444
0.9819444444444452
0.9876282051282058
0.9906730769230776
0.99181623931624
0.992307692307693
0.9923824786324793
0.9924358974358981
0.9924679487179494
0.9925106837606844
0.9925320512820519
0.9925747863247869
0.9926068376068382
0.9926388888888895
0.992660256410257
0.9926709401709408
0.9926923076923083
0.9927564102564109
0.9927777777777784
0.9928098290598297
0.992841880341881
0.9928632478632485
0.9929059829059835
0.9929380341880348
0.9929594017094023
0.9929700854700861
0.9930021367521374
0.9930555555555562
0.9930982905982912
0.993108974358975
0.9931410256410264
0.9931623931623939
0.9931837606837614
0.993247863247864
0.9932585470085478
0.9933012820512828
0.9933226495726503
0.9933440170940178
0.9933653846153853
0.9933760683760691
0.9934188034188041
0.9934401709401716
0.9934935897435904
0.9935256410256417
0.993557692307693
0.9935790598290605
0.9936431623931631
0.9936858974358981
0.9937286324786331
0.9937713675213681
0.9938247863247869
0.9938675213675219
0.9939316239316245
0.9941132478632484
0.9952350427350433
1.0000000000000004