Greens counts: 
0.0
0.0
0.0
1.0683760683760684E-5
1.0683760683760684E-5
9.615384615384615E-5
2.670940170940171E-4
7.585470085470086E-4
0.0012606837606837606
0.0018162393162393163
0.002863247863247863
0.0047756410256410255
0.007521367521367521
0.010726495726495727
0.015288461538461539
0.020235042735042737
0.026388888888888892
0.03282051282051282
0.0390491452991453
0.04571581196581197
0.05155982905982906
0.05692307692307692
0.06180555555555556
0.06680555555555556
0.0716346153846154
0.07732905982905984
0.08297008547008548
0.08877136752136754
0.09432692307692309
0.10009615384615386
0.10590811965811968
0.11226495726495729
0.11893162393162396
0.12569444444444447
0.13400641025641027
0.14231837606837608
0.1508440170940171
0.1588568376068376
0.16832264957264959
0.17743589743589744
0.18644230769230768
0.19576923076923075
0.2048076923076923
0.21416666666666667
0.22373931623931625
0.23293803418803422
0.24189102564102566
0.2505555555555556
0.2592948717948718
0.26806623931623935
0.2775747863247864
0.28672008547008554
0.29579059829059834
0.3055341880341881
0.31429487179487187
0.32347222222222227
0.3315384615384616
0.34025641025641035
0.3481089743589745
0.35564102564102573
0.36321581196581204
0.37050213675213683
0.3775961538461539
0.3838461538461539
0.3906089743589744
0.3963141025641026
0.40198717948717955
0.40756410256410264
0.4132051282051283
0.41848290598290605
0.4234188034188035
0.4286111111111112
0.43380341880341894
0.4388995726495728
0.44383547008547025
0.44957264957264975
0.45475427350427367
0.46006410256410274
0.4653418803418805
0.47106837606837626
0.4763568376068378
0.48174145299145316
0.4871153846153848
0.49280982905982923
0.4980341880341882
0.5033867521367523
0.5086538461538463
0.5140491452991455
0.5192094017094019
0.5245085470085472
0.529561965811966
0.5351068376068379
0.5407051282051285
0.5468162393162396
0.5525641025641028
0.5584722222222225
0.5640918803418806
0.5701495726495729
0.5761645299145302
0.5826068376068378
0.5884829059829062
0.5946688034188037
0.6004700854700857
0.6063782051282054
0.611709401709402
0.616752136752137
0.6223290598290601
0.6276495726495729
0.6330662393162395
0.6389209401709404
0.6451923076923078
0.6514743589743591
0.6571474358974361
0.6629700854700856
0.669380341880342
0.6762072649572651
0.6829380341880343
0.6899145299145301
0.6976068376068377
0.7048397435897437
0.7123824786324787
0.7192200854700855
0.726388888888889
0.7323931623931624
0.7373824786324786
0.7417628205128205
0.7455128205128205
0.7486965811965812
0.7507264957264957
0.752051282051282
0.7531089743589743
0.7540598290598289
0.7549145299145298
0.7554487179487178
0.7559081196581195
0.7563034188034187
0.7566132478632477
0.7570192307692306
0.7574252136752135
0.7577564102564102
0.7581944444444444
0.7586324786324786
0.7590705128205129
0.7595512820512821
0.7599893162393163
0.760448717948718
0.7609294871794873
0.7614636752136753
0.7620299145299146
0.7625641025641027
0.7629700854700856
0.763397435897436
0.7638888888888891
0.764337606837607
0.764871794871795
0.7652243589743591
0.7656303418803421
0.7660042735042737
0.7666025641025643
0.7670405982905986
0.7675534188034191
0.768002136752137
0.7685683760683764
0.7691559829059832
0.7697756410256413
0.7701282051282055
0.7707478632478636
0.7712072649572653
0.7716880341880346
0.7724145299145303
0.7730982905982909
0.7737393162393166
0.7744230769230772
0.7750213675213679
0.7755662393162397
0.7763141025641029
0.7772222222222226
0.7781517094017097
0.7793162393162396
0.7807905982905986
0.7822115384615388
0.7838568376068379
0.7854059829059832
0.7872756410256413
0.7894230769230772
0.7918269230769234
0.7945726495726498
0.7986858974358977
0.8035042735042738
0.8089636752136755
0.8147863247863251
0.8212606837606841
0.829294871794872
0.8404807692307695
0.8547115384615388
0.875373931623932
0.8994658119658123
0.922916666666667
0.9470299145299149
0.9696794871794876
0.9860363247863252
0.9942628205128209
0.9975213675213679
0.9985790598290601
0.9988782051282055
0.9989743589743593
0.9989850427350431
0.9990064102564106
0.9990170940170944
0.9990277777777782
0.999038461538462
0.999038461538462
0.9990491452991458
0.9990598290598296
0.9990705128205134
0.9990705128205134
0.9990918803418809
0.9990918803418809
0.9991132478632484
0.9991132478632484
0.9991346153846159
0.9991346153846159
0.9991346153846159
0.9991452991452997
0.9991452991452997
0.9991559829059835
0.9991559829059835
0.9991559829059835
0.999177350427351
0.999177350427351
0.999177350427351
0.9991987179487185
0.9991987179487185
0.9991987179487185
0.9992094017094023
0.9992200854700861
0.9992307692307699
0.9992307692307699
0.9992307692307699
0.9992414529914537
0.9992628205128212
0.9992628205128212
0.999273504273505
0.999273504273505
0.9992948717948725
0.9993055555555563
0.9993055555555563
0.9993055555555563
0.9993055555555563
0.9993269230769238
0.9993269230769238
0.9993376068376076
0.9993482905982914
0.9993803418803427
0.9994978632478642
1.0000000000000009