Greens counts: 
0.0
0.0
1.0683760683760684E-5
6.41025641025641E-5
6.303418803418803E-4
0.0022435897435897434
0.004230769230769231
0.0059829059829059825
0.008247863247863248
0.011837606837606839
0.01607905982905983
0.021923076923076927
0.029091880341880344
0.0374465811965812
0.046549145299145306
0.05736111111111112
0.0687820512820513
0.08066239316239318
0.09257478632478634
0.10486111111111113
0.11692307692307694
0.1289102564102564
0.1414423076923077
0.15291666666666667
0.1635363247863248
0.17423076923076924
0.18458333333333335
0.19504273504273506
0.20525641025641028
0.21537393162393165
0.22507478632478634
0.23425213675213677
0.24371794871794875
0.2525106837606838
0.26144230769230775
0.2705555555555556
0.27945512820512824
0.2868803418803419
0.2947649572649573
0.302008547008547
0.3095512820512821
0.31691239316239317
0.32366452991452993
0.3305982905982906
0.33814102564102566
0.34571581196581197
0.3529380341880342
0.3597970085470086
0.3671581196581197
0.37365384615384617
0.37993589743589745
0.38608974358974363
0.39274572649572653
0.399198717948718
0.4061965811965812
0.4124145299145299
0.4194551282051282
0.4260042735042735
0.4325854700854701
0.4388995726495727
0.4453632478632479
0.4513675213675214
0.4565277777777778
0.46211538461538465
0.46740384615384617
0.4732692307692308
0.47881410256410256
0.48446581196581195
0.4900747863247863
0.4962820512820513
0.5019123931623931
0.5082264957264957
0.514818376068376
0.5215277777777777
0.5286858974358973
0.5367628205128204
0.545395299145299
0.5545726495726495
0.563386752136752
0.5723717948717948
0.5807264957264956
0.5886217948717948
0.5967094017094016
0.6043376068376067
0.611869658119658
0.6188568376068375
0.6261324786324786
0.6329594017094017
0.6398611111111111
0.6471688034188035
0.6548183760683761
0.6617307692307692
0.668525641025641
0.6756837606837607
0.6831089743589743
0.6915277777777777
0.7010897435897435
0.712628205128205
0.7244658119658118
0.7372756410256409
0.7491559829059828
0.7605341880341879
0.7713247863247862
0.7813034188034187
0.790886752136752
0.7986004273504271
0.8062499999999998
0.8128632478632477
0.817938034188034
0.8222970085470084
0.8264102564102562
0.8304273504273503
0.8340598290598289
0.8377884615384614
0.8405341880341879
0.8425213675213674
0.8445192307692306
0.8467200854700854
0.84883547008547
0.8510576923076922
0.853301282051282
0.8556837606837606
0.8580128205128205
0.8602243589743589
0.8620833333333332
0.8640811965811964
0.8658867521367519
0.8675213675213673
0.8692094017094015
0.8708974358974357
0.8723076923076921
0.8737927350427348
0.8750641025641023
0.8761324786324783
0.8770940170940168
0.8783119658119655
0.8794230769230765
0.8805982905982902
0.8817307692307689
0.8828311965811962
0.8840598290598287
0.8851282051282048
0.8862179487179483
0.887083333333333
0.887884615384615
0.8884935897435894
0.8892094017094013
0.8899465811965808
0.8908012820512816
0.8915598290598287
0.8922863247863244
0.8931303418803415
0.893952991452991
0.8948290598290594
0.8957158119658115
0.8965170940170936
0.8974572649572645
0.8986645299145295
0.8997756410256406
0.9013354700854697
0.9034722222222218
0.9056303418803414
0.9078739316239312
0.9102884615384611
0.9126602564102559
0.915245726495726
0.9175106837606832
0.9196794871794867
0.9220192307692302
0.9243589743589737
0.926891025641025
0.9290598290598284
0.9308012820512814
0.9323504273504267
0.9338888888888882
0.9352350427350421
0.9362499999999994
0.9370405982905976
0.9378418803418797
0.9387286324786318
0.939615384615384
0.9409294871794865
0.9424145299145292
0.9437072649572643
0.9455662393162386
0.9477884615384609
0.9507585470085463
0.9540705128205121
0.9582799145299139
0.9652457264957258
0.9719871794871788
0.9781944444444438
0.982873931623931
0.9880341880341874
0.99318376068376
0.9970405982905977
0.9990705128205122
0.999658119658119
0.9999465811965805
0.9999893162393155
0.9999999999999993
0.9999999999999993
0.9999999999999993
0.9999999999999993
0.9999999999999993
0.9999999999999993
0.9999999999999993
0.9999999999999993
0.9999999999999993
0.9999999999999993
0.9999999999999993
0.9999999999999993
0.9999999999999993
0.9999999999999993
0.9999999999999993
0.9999999999999993
0.9999999999999993
0.9999999999999993
0.9999999999999993
0.9999999999999993
0.9999999999999993
0.9999999999999993
0.9999999999999993
0.9999999999999993
0.9999999999999993
0.9999999999999993
0.9999999999999993
0.9999999999999993
0.9999999999999993
0.9999999999999993
0.9999999999999993
0.9999999999999993
0.9999999999999993
0.9999999999999993
0.9999999999999993
0.9999999999999993
0.9999999999999993
0.9999999999999993
0.9999999999999993
0.9999999999999993
0.9999999999999993
0.9999999999999993
0.9999999999999993
0.9999999999999993
0.9999999999999993
0.9999999999999993
0.9999999999999993
0.9999999999999993
0.9999999999999993
0.9999999999999993
0.9999999999999993
0.9999999999999993
0.9999999999999993
0.9999999999999993
0.9999999999999993
0.9999999999999993