Greens counts: 
0.0
0.0
0.0
0.0
0.0
0.0
0.0
1.0683760683760684E-5
1.388888888888889E-4
3.418803418803419E-4
9.722222222222222E-4
0.0018910256410256412
0.0032478632478632483
0.005352564102564103
0.008418803418803418
0.012777777777777777
0.018183760683760684
0.024337606837606836
0.031399572649572646
0.03918803418803418
0.04716880341880341
0.05501068376068376
0.06279914529914529
0.0701602564102564
0.07756410256410255
0.08463675213675212
0.09193376068376066
0.09901709401709399
0.10569444444444442
0.11278846153846152
0.11910256410256408
0.1259722222222222
0.13249999999999998
0.13874999999999998
0.14539529914529914
0.1520405982905983
0.15895299145299147
0.16612179487179488
0.1737820512820513
0.18151709401709404
0.18974358974358976
0.1978311965811966
0.20623931623931627
0.21423076923076925
0.22227564102564104
0.23042735042735044
0.23795940170940172
0.24552350427350428
0.2526388888888889
0.2600854700854701
0.2671581196581197
0.2750534188034188
0.2823824786324787
0.28961538461538466
0.2974038461538462
0.3039850427350428
0.31003205128205136
0.3160256410256411
0.32242521367521376
0.32860042735042744
0.33536324786324795
0.3415277777777779
0.34748931623931634
0.3538034188034189
0.3607692307692309
0.3681089743589745
0.3763141025641027
0.38469017094017105
0.39298076923076936
0.4020940170940172
0.4112286324786326
0.4192200854700856
0.4270619658119659
0.43480769230769245
0.44222222222222235
0.4491346153846155
0.45589743589743603
0.4640918803418805
0.4722222222222224
0.48032051282051297
0.4882478632478634
0.4956944444444446
0.5037500000000001
0.5115598290598292
0.5200534188034189
0.5296581196581198
0.5390598290598292
0.5487713675213677
0.5578846153846155
0.5671367521367523
0.5767628205128207
0.5856196581196583
0.5951282051282053
0.6047329059829062
0.61474358974359
0.6251816239316242
0.6348931623931627
0.6443376068376072
0.6537500000000004
0.6621474358974363
0.6706623931623935
0.6794658119658123
0.6887072649572653
0.6980769230769235
0.7067628205128209
0.7155876068376072
0.7239316239316244
0.7332051282051286
0.7413034188034192
0.7488675213675218
0.75457264957265
0.7592414529914534
0.7633012820512824
0.766538461538462
0.7690705128205132
0.771538461538462
0.7737820512820517
0.775288461538462
0.7765170940170945
0.7776282051282055
0.7789743589743594
0.7803525641025645
0.7819978632478636
0.7837072649572653
0.7857905982905986
0.7875534188034191
0.7897649572649575
0.7920299145299148
0.7937393162393165
0.7952884615384618
0.7968162393162396
0.7984188034188037
0.7999038461538464
0.801527777777778
0.8032051282051283
0.8051175213675215
0.8074893162393163
0.8099358974358974
0.812008547008547
0.8142521367521367
0.8164423076923076
0.8187393162393162
0.8212606837606837
0.8231303418803418
0.8253311965811966
0.8271794871794872
0.829017094017094
0.830801282051282
0.8324679487179487
0.8339636752136752
0.8355235042735043
0.836741452991453
0.838034188034188
0.8392735042735043
0.8407799145299146
0.8420833333333334
0.8436431623931625
0.845715811965812
0.8479380341880343
0.8511004273504275
0.8546260683760685
0.8598611111111112
0.8666773504273505
0.8755555555555556
0.887190170940171
0.9013995726495727
0.9158760683760684
0.9294337606837607
0.9406196581196582
0.9502350427350428
0.9600213675213676
0.9697649572649574
0.9786431623931625
0.9841452991452992
0.9867628205128206
0.9880876068376069
0.9885470085470086
0.9887393162393163
0.9888141025641026
0.9888782051282052
0.988888888888889
0.988888888888889
0.988888888888889
0.988888888888889
0.988888888888889
0.988888888888889
0.988888888888889
0.988888888888889
0.988888888888889
0.988888888888889
0.988888888888889
0.988888888888889
0.988888888888889
0.988888888888889
0.988888888888889
0.988888888888889
0.988888888888889
0.988888888888889
0.988888888888889
0.988888888888889
0.988888888888889
0.988888888888889
0.988888888888889
0.988888888888889
0.988888888888889
0.988888888888889
0.988888888888889
0.988888888888889
0.988888888888889
0.988888888888889
0.988888888888889
0.988888888888889
0.988888888888889
0.988888888888889
0.988888888888889
0.988888888888889
0.988888888888889
0.988888888888889
0.988888888888889
0.988888888888889
0.988888888888889
0.988888888888889
0.988888888888889
0.988888888888889
0.988888888888889
0.988888888888889
0.988888888888889
0.988888888888889
0.988888888888889
0.988888888888889
0.988888888888889
0.988888888888889
0.988888888888889
0.988888888888889
0.988888888888889
0.988888888888889
0.988888888888889
0.988888888888889
0.988888888888889
0.988888888888889
0.988888888888889
0.988888888888889
0.988888888888889
0.988888888888889
0.988888888888889
0.988888888888889
0.988888888888889
0.988888888888889
0.988888888888889
0.988888888888889
0.988888888888889
0.988888888888889
0.9888995726495728
0.9891025641025643
0.9909081196581198
1.0