Reds counts: 
0.0
0.0
2.1367521367521368E-5
1.282051282051282E-4
6.944444444444445E-4
0.003450854700854701
0.010908119658119659
0.021463675213675214
0.03784188034188034
0.05705128205128204
0.07412393162393162
0.09271367521367521
0.1134508547008547
0.13330128205128206
0.15331196581196582
0.17178418803418805
0.18707264957264957
0.2012713675213675
0.2123931623931624
0.2220619658119658
0.23060897435897434
0.23893162393162393
0.24699786324786324
0.2547542735042735
0.2613034188034188
0.26726495726495725
0.27352564102564103
0.2788888888888889
0.2837606837606838
0.28831196581196583
0.2920619658119658
0.2961431623931624
0.30028846153846156
0.3041666666666667
0.30784188034188037
0.31151709401709404
0.3151388888888889
0.3183440170940171
0.32127136752136753
0.3235363247863248
0.32594017094017097
0.3282371794871795
0.3301068376068376
0.3319978632478633
0.3341132478632479
0.3360576923076924
0.33807692307692316
0.34018162393162404
0.3423824786324787
0.34473290598290607
0.34666666666666673
0.348707264957265
0.35049145299145307
0.3525747863247864
0.35466880341880347
0.35670940170940174
0.35852564102564105
0.3604700854700855
0.3624358974358975
0.36440170940170946
0.3667521367521368
0.36853632478632486
0.37060897435897444
0.3727991452991454
0.3750213675213676
0.3770085470085471
0.37899572649572655
0.3811111111111112
0.3832264957264958
0.38520299145299153
0.38739316239316246
0.3893696581196582
0.39131410256410265
0.3935042735042736
0.3956196581196582
0.39768162393162404
0.39991452991453
0.40213675213675226
0.40447649572649585
0.4066452991452993
0.40873931623931636
0.41091880341880355
0.412863247863248
0.4150106837606839
0.4168589743589745
0.41908119658119675
0.4209615384615386
0.4233012820512822
0.4257264957264959
0.42797008547008564
0.43039529914529934
0.43278846153846173
0.43563034188034205
0.4382264957264959
0.44120726495726514
0.44413461538461557
0.4469764957264959
0.45027777777777794
0.45358974358974374
0.45730769230769247
0.4608653846153848
0.4648824786324788
0.4688141025641027
0.4737286324786326
0.4788782051282053
0.48413461538461555
0.48895299145299165
0.4941773504273506
0.4989316239316241
0.5036752136752138
0.5088568376068378
0.5144017094017096
0.5200747863247865
0.5254059829059832
0.5307158119658122
0.5354059829059832
0.5402777777777781
0.5447542735042739
0.5497115384615389
0.5543803418803422
0.5595512820512825
0.5643376068376073
0.5694978632478637
0.5751175213675218
0.5805662393162397
0.5861752136752141
0.591848290598291
0.5974145299145304
0.6030769230769235
0.6083012820512825
0.6139209401709407
0.6196688034188039
0.6258333333333338
0.6319444444444449
0.6380341880341884
0.6444017094017098
0.6509188034188038
0.6569551282051286
0.6630876068376073
0.6695192307692311
0.6764636752136756
0.6826388888888892
0.6896047008547012
0.6960149572649575
0.7024465811965814
0.709027777777778
0.7156089743589746
0.7225000000000003
0.7288888888888891
0.7349145299145302
0.7409188034188037
0.7475854700854704
0.7543055555555559
0.760865384615385
0.7673931623931628
0.7738247863247867
0.7801282051282055
0.7863034188034191
0.7926816239316242
0.7988995726495729
0.8057905982905985
0.8133012820512823
0.8211324786324788
0.8291346153846156
0.8370940170940173
0.8452564102564105
0.8531410256410259
0.8611752136752139
0.8686645299145301
0.8766132478632481
0.8845833333333336
0.8921047008547012
0.8980769230769234
0.9034401709401713
0.9085042735042739
0.9129273504273508
0.9168589743589748
0.9206196581196585
0.9237393162393166
0.9265384615384619
0.9290384615384618
0.9311645299145301
0.9331410256410259
0.9346794871794873
0.9358440170940172
0.9369337606837608
0.9378952991452992
0.9386004273504275
0.9392414529914531
0.9399358974358976
0.9406089743589745
0.941431623931624
0.9421794871794873
0.9432585470085472
0.9442521367521369
0.9452136752136754
0.9459829059829061
0.9470192307692309
0.9481410256410258
0.9490918803418804
0.9504166666666667
0.951559829059829
0.9527991452991453
0.9541559829059829
0.9556089743589744
0.9570940170940171
0.9594444444444444
0.9629807692307693
0.9675320512820513
0.9728525641025642
0.9778525641025642
0.9814209401709403
0.9842307692307694
0.9869123931623933
0.9894871794871797
0.9925854700854703
0.995587606837607
0.997820512820513
0.9990491452991455
0.9996367521367523
0.9998611111111113
0.9999465811965814
0.9999786324786327
1.0000000000000002
1.0000000000000002
1.0000000000000002
1.0000000000000002
1.0000000000000002
1.0000000000000002
1.0000000000000002
1.0000000000000002
1.0000000000000002
1.0000000000000002
1.0000000000000002
1.0000000000000002
1.0000000000000002
1.0000000000000002
1.0000000000000002
1.0000000000000002
1.0000000000000002
1.0000000000000002
1.0000000000000002
1.0000000000000002
1.0000000000000002
1.0000000000000002
1.0000000000000002
1.0000000000000002
1.0000000000000002
1.0000000000000002
1.0000000000000002
1.0000000000000002
1.0000000000000002
1.0000000000000002
1.0000000000000002
1.0000000000000002
1.0000000000000002