Reds counts: 
0.0
0.0
0.0
0.0
0.0
8.547008547008547E-5
2.2435897435897436E-4
6.41025641025641E-4
0.0011004273504273505
0.0015918803418803421
0.0022863247863247867
0.003258547008547009
0.0043696581196581204
0.005737179487179488
0.007382478632478633
0.00935897435897436
0.011816239316239317
0.01438034188034188
0.0171474358974359
0.020245726495726497
0.023087606837606838
0.02608974358974359
0.02936965811965812
0.03295940170940171
0.03638888888888889
0.03982905982905983
0.04316239316239316
0.04602564102564102
0.04846153846153846
0.05099358974358974
0.053782051282051276
0.05639957264957264
0.058717948717948706
0.06158119658119657
0.06427350427350426
0.06696581196581194
0.06954059829059826
0.0719230769230769
0.0744764957264957
0.07714743589743588
0.07961538461538459
0.08236111111111108
0.08545940170940168
0.08840811965811964
0.09136752136752134
0.09483974358974356
0.09868589743589741
0.10304487179487176
0.107275641025641
0.11180555555555552
0.11723290598290595
0.12321581196581194
0.12863247863247862
0.1346153846153846
0.14107905982905983
0.14724358974358975
0.1535042735042735
0.16011752136752136
0.1669551282051282
0.17336538461538462
0.18004273504273505
0.18643162393162394
0.19357905982905982
0.20004273504273504
0.20775641025641026
0.21524572649572649
0.22272435897435897
0.2301388888888889
0.23823717948717948
0.24553418803418803
0.2535042735042735
0.26077991452991456
0.26806623931623935
0.2751495726495727
0.2819444444444445
0.28869658119658126
0.2955876068376069
0.3026495726495727
0.30970085470085473
0.3164209401709402
0.3236217948717949
0.33
0.3366025641025641
0.3429700854700855
0.3494978632478633
0.3560149572649573
0.36194444444444446
0.36727564102564103
0.3724252136752137
0.3776602564102564
0.38248931623931626
0.387948717948718
0.3933226495726496
0.3983867521367522
0.40322649572649577
0.40795940170940176
0.41288461538461546
0.41791666666666677
0.42288461538461547
0.4278739316239317
0.4329380341880343
0.4380982905982907
0.4429380341880343
0.44776709401709414
0.4526709401709403
0.4575106837606839
0.4624572649572651
0.46715811965811976
0.47180555555555564
0.47631410256410267
0.48112179487179496
0.48558760683760693
0.489647435897436
0.49400641025641034
0.49837606837606846
0.5021581196581197
0.5059722222222223
0.5096688034188035
0.5134188034188035
0.5170085470085471
0.5204700854700857
0.5238247863247866
0.527467948717949
0.5309722222222225
0.5346260683760686
0.5382158119658123
0.5423824786324789
0.5465918803418807
0.5507905982905986
0.5550427350427354
0.5594444444444447
0.5637393162393165
0.5688461538461541
0.5739636752136755
0.5790918803418806
0.5845940170940174
0.5897222222222225
0.5946153846153849
0.5995192307692311
0.603985042735043
0.6086324786324789
0.6132692307692311
0.6178525641025645
0.6226709401709406
0.6273504273504278
0.6319978632478637
0.6370512820512825
0.6418910256410261
0.6470405982905987
0.652606837606838
0.6578525641025645
0.6636538461538466
0.6702564102564107
0.6764636752136757
0.6826602564102568
0.6889209401709406
0.6948611111111116
0.7009508547008552
0.7073290598290602
0.7141239316239321
0.7215705128205132
0.7292628205128209
0.7367735042735046
0.7442094017094021
0.7511538461538465
0.7568803418803423
0.7615918803418807
0.7653098290598295
0.7677029914529918
0.7696688034188037
0.77090811965812
0.7722329059829063
0.77340811965812
0.7742414529914533
0.775149572649573
0.776217948717949
0.7772649572649576
0.7785149572649576
0.779882478632479
0.7813461538461541
0.7829059829059832
0.7845405982905986
0.786623931623932
0.7884722222222226
0.7905448717948721
0.7934615384615388
0.796399572649573
0.8004487179487183
0.8052884615384619
0.811047008547009
0.8177457264957269
0.8255982905982909
0.8346367521367525
0.8471047008547012
0.8626175213675218
0.882297008547009
0.903771367521368
0.9254914529914535
0.9492948717948724
0.9713034188034194
0.9869551282051288
0.9948717948717954
0.9977884615384621
0.9986752136752143
0.9988995726495733
0.9989743589743596
0.9989850427350434
0.9990064102564109
0.9990170940170947
0.9990277777777785
0.9990384615384623
0.9990384615384623
0.9990491452991461
0.9990598290598299
0.9990705128205137
0.9990705128205137
0.9990918803418812
0.9990918803418812
0.9991132478632487
0.9991132478632487
0.9991346153846162
0.9991346153846162
0.9991346153846162
0.9991452991453
0.9991452991453
0.9991559829059838
0.9991559829059838
0.9991559829059838
0.9991773504273513
0.9991773504273513
0.9991773504273513
0.9991987179487188
0.9991987179487188
0.9991987179487188
0.9992094017094026
0.9992200854700864
0.9992307692307703
0.9992307692307703
0.9992307692307703
0.9992414529914541
0.9992628205128216
0.9992628205128216
0.9992735042735054
0.9992735042735054
0.9992948717948729
0.9993055555555567
0.9993055555555567
0.9993055555555567
0.9993055555555567
0.9993269230769242
0.9993269230769242
0.999337606837608
0.9993482905982918
0.9993803418803431
0.9994978632478645
1.0000000000000013
