Reds counts: 
0.0
0.0
0.0
0.0
0.0
1.0683760683760684E-5
3.205128205128205E-5
3.205128205128205E-5
1.1752136752136752E-4
2.670940170940171E-4
5.341880341880342E-4
0.0011111111111111113
0.0017841880341880343
0.0027670940170940175
0.004188034188034188
0.005876068376068376
0.007884615384615384
0.010694444444444444
0.013963675213675213
0.017638888888888888
0.021709401709401707
0.025747863247863247
0.029743589743589743
0.03454059829059829
0.0391025641025641
0.04372863247863248
0.048066239316239316
0.0525534188034188
0.05721153846153846
0.061495726495726495
0.06567307692307692
0.0702991452991453
0.07433760683760683
0.07858974358974358
0.08305555555555555
0.08717948717948718
0.09118589743589743
0.09512820512820512
0.0995619658119658
0.10408119658119658
0.10851495726495726
0.11321581196581196
0.11799145299145299
0.1231517094017094
0.12837606837606838
0.13373931623931623
0.139508547008547
0.14568376068376068
0.1516559829059829
0.15738247863247862
0.16326923076923075
0.16971153846153844
0.1756730769230769
0.18112179487179486
0.18657051282051282
0.19175213675213676
0.19659188034188035
0.20131410256410256
0.20620726495726496
0.21098290598290598
0.21564102564102564
0.22009615384615383
0.2242948717948718
0.22840811965811966
0.23311965811965812
0.2374252136752137
0.24137820512820513
0.2454380341880342
0.24977564102564104
0.2537179487179487
0.25800213675213673
0.2622008547008547
0.2665491452991453
0.27058760683760685
0.27472222222222226
0.27887820512820516
0.2824145299145299
0.2859294871794872
0.2896153846153846
0.2931837606837607
0.29666666666666663
0.30096153846153845
0.30520299145299146
0.3097863247863248
0.3146047008547009
0.31909188034188035
0.32382478632478634
0.3283119658119658
0.33330128205128207
0.3387606837606838
0.34431623931623934
0.3503846153846154
0.3571260683760684
0.36440170940170946
0.3717200854700855
0.37931623931623937
0.38733974358974366
0.39459401709401715
0.40222222222222226
0.41013888888888894
0.4183653846153847
0.4262179487179488
0.4348931623931625
0.4435363247863249
0.45231837606837616
0.4599786324786326
0.46773504273504285
0.4749252136752138
0.48194444444444456
0.4887072649572651
0.4958440170940172
0.5028098290598292
0.5103311965811967
0.5177991452991455
0.5253418803418806
0.5336004273504276
0.5410683760683763
0.5490705128205131
0.5579059829059831
0.566527777777778
0.5759829059829061
0.5864102564102566
0.5976175213675216
0.6080982905982908
0.6180662393162395
0.6276175213675216
0.6361111111111113
0.6446260683760685
0.6523611111111113
0.6604807692307694
0.6687072649572651
0.6772115384615386
0.6863461538461539
0.6962500000000001
0.7064102564102566
0.7176602564102565
0.7279166666666668
0.7379807692307694
0.7483012820512822
0.7587713675213676
0.7689636752136754
0.7787927350427352
0.7883760683760686
0.797104700854701
0.8048397435897438
0.8123076923076925
0.8190491452991455
0.8248290598290601
0.830010683760684
0.8347970085470088
0.8387179487179489
0.8418910256410258
0.8449786324786326
0.8487072649572651
0.8537820512820514
0.8600000000000001
0.8681623931623933
0.8774786324786326
0.8878311965811967
0.9000534188034189
0.911613247863248
0.9223717948717951
0.9317414529914532
0.9404166666666668
0.9491773504273505
0.9585683760683762
0.9684401709401711
0.9775641025641028
0.9835683760683762
0.986837606837607
0.9881837606837609
0.9886858974358976
0.988846153846154
0.988888888888889
0.988888888888889
0.988888888888889
0.988888888888889
0.988888888888889
0.988888888888889
0.988888888888889
0.988888888888889
0.988888888888889
0.988888888888889
0.988888888888889
0.988888888888889
0.988888888888889
0.988888888888889
0.988888888888889
0.988888888888889
0.988888888888889
0.988888888888889
0.988888888888889
0.988888888888889
0.988888888888889
0.988888888888889
0.988888888888889
0.988888888888889
0.988888888888889
0.988888888888889
0.988888888888889
0.988888888888889
0.988888888888889
0.988888888888889
0.988888888888889
0.988888888888889
0.988888888888889
0.988888888888889
0.988888888888889
0.988888888888889
0.988888888888889
0.988888888888889
0.988888888888889
0.988888888888889
0.988888888888889
0.988888888888889
0.988888888888889
0.988888888888889
0.988888888888889
0.988888888888889
0.988888888888889
0.988888888888889
0.988888888888889
0.988888888888889
0.988888888888889
0.988888888888889
0.988888888888889
0.988888888888889
0.988888888888889
0.988888888888889
0.988888888888889
0.988888888888889
0.988888888888889
0.988888888888889
0.988888888888889
0.988888888888889
0.988888888888889
0.988888888888889
0.988888888888889
0.988888888888889
0.988888888888889
0.988888888888889
0.988888888888889
0.988888888888889
0.988888888888889
0.988888888888889
0.988888888888889
0.988888888888889
0.988888888888889
0.988888888888889
0.988888888888889
0.988888888888889
0.9888995726495728
0.9889529914529916
0.9898504273504275
0.9931837606837608
1.0000000000000002