Reds counts: 
0.0
0.0
1.0683760683760684E-5
8.547008547008547E-5
8.867521367521367E-4
0.002670940170940171
0.005021367521367521
0.007435897435897435
0.010448717948717948
0.015096153846153846
0.01986111111111111
0.025299145299145297
0.031004273504273504
0.037168803418803416
0.042959401709401705
0.04821581196581196
0.05352564102564102
0.05922008547008547
0.06482905982905983
0.07122863247863248
0.0776923076923077
0.08415598290598292
0.09095085470085472
0.09746794871794874
0.10417735042735045
0.11044871794871797
0.11668803418803421
0.12311965811965814
0.1294337606837607
0.13600427350427352
0.14275641025641028
0.15000000000000002
0.1573717948717949
0.1643055555555556
0.1710149572649573
0.17793803418803422
0.18489316239316242
0.19095085470085474
0.19725427350427355
0.20290598290598294
0.20868589743589747
0.21426282051282053
0.21941239316239317
0.22463675213675213
0.22941239316239315
0.23483974358974358
0.2401068376068376
0.24476495726495726
0.24917735042735042
0.2538141025641026
0.257767094017094
0.2617948717948718
0.2659935897435898
0.270181623931624
0.2741346153846154
0.2779380341880342
0.281741452991453
0.28552350427350426
0.2896367521367521
0.29372863247863246
0.29799145299145297
0.3021901709401709
0.30655982905982904
0.3106517094017094
0.31497863247863245
0.31881410256410253
0.3229807692307692
0.32723290598290594
0.33075854700854695
0.3343482905982905
0.3380982905982905
0.34163461538461526
0.3450213675213674
0.34857905982905973
0.35226495726495716
0.3558974358974358
0.3591987179487178
0.36299145299145286
0.3667094017094016
0.3705021367521366
0.3743376068376067
0.37869658119658106
0.3830235042735041
0.387403846153846
0.3924572649572648
0.39733974358974344
0.4023290598290597
0.40775641025641013
0.4132799145299144
0.41849358974358963
0.42389957264957256
0.4290384615384615
0.43508547008547005
0.440758547008547
0.44634615384615384
0.45152777777777775
0.45639957264957265
0.46111111111111114
0.46564102564102566
0.4707478632478633
0.47581196581196583
0.4811431623931624
0.48689102564102565
0.4937179487179487
0.4999252136752137
0.5064529914529915
0.5129380341880342
0.5196367521367521
0.5265918803418803
0.5332264957264957
0.539508547008547
0.5457905982905983
0.5529166666666666
0.5596474358974358
0.567094017094017
0.5741132478632477
0.5816239316239314
0.5901816239316238
0.5991773504273502
0.6088675213675212
0.6189529914529913
0.6291987179487178
0.6399252136752136
0.6502670940170939
0.6596474358974358
0.6685470085470084
0.6760470085470084
0.6839316239316238
0.6918803418803418
0.7001495726495726
0.7081089743589742
0.7166452991452991
0.7252136752136751
0.7323931623931622
0.7399999999999998
0.7475534188034185
0.7552029914529912
0.7636645299145296
0.7729273504273502
0.7818803418803416
0.7919230769230766
0.8006303418803415
0.8095619658119655
0.8187499999999996
0.8280448717948714
0.837126068376068
0.8459081196581192
0.854220085470085
0.861271367521367
0.8672863247863243
0.8724465811965807
0.8769551282051277
0.8809294871794866
0.8844337606837601
0.8877457264957259
0.8905448717948712
0.892873931623931
0.8952350427350422
0.8977350427350421
0.9005128205128199
0.9036858974358968
0.9063782051282044
0.9090705128205121
0.9117521367521361
0.9142414529914523
0.9167628205128199
0.9192841880341874
0.9216559829059823
0.9242521367521361
0.9264850427350421
0.9285897435897429
0.9304380341880335
0.9320405982905976
0.9336004273504267
0.9348183760683754
0.936036324786324
0.9369871794871787
0.9376816239316231
0.9384615384615377
0.9392200854700847
0.9402670940170933
0.9416773504273497
0.9432158119658112
0.9447329059829052
0.9468269230769223
0.9492521367521359
0.9522115384615376
0.9561538461538454
0.960950854700854
0.9677564102564095
0.9739636752136744
0.979252136752136
0.9833974358974351
0.9883440170940163
0.9934188034188026
0.9971260683760675
0.9990811965811958
0.9996581196581188
0.9999358974358966
0.9999893162393154
0.9999999999999992
0.9999999999999992
0.9999999999999992
0.9999999999999992
0.9999999999999992
0.9999999999999992
0.9999999999999992
0.9999999999999992
0.9999999999999992
0.9999999999999992
0.9999999999999992
0.9999999999999992
0.9999999999999992
0.9999999999999992
0.9999999999999992
0.9999999999999992
0.9999999999999992
0.9999999999999992
0.9999999999999992
0.9999999999999992
0.9999999999999992
0.9999999999999992
0.9999999999999992
0.9999999999999992
0.9999999999999992
0.9999999999999992
0.9999999999999992
0.9999999999999992
0.9999999999999992
0.9999999999999992
0.9999999999999992
0.9999999999999992
0.9999999999999992
0.9999999999999992
0.9999999999999992
0.9999999999999992
0.9999999999999992
0.9999999999999992
0.9999999999999992
0.9999999999999992
0.9999999999999992
0.9999999999999992
0.9999999999999992
0.9999999999999992
0.9999999999999992
0.9999999999999992
0.9999999999999992
0.9999999999999992
0.9999999999999992
0.9999999999999992
0.9999999999999992
0.9999999999999992
0.9999999999999992
0.9999999999999992
0.9999999999999992
0.9999999999999992