Reds counts: 
2.769230769230769
2.769241452991453
2.769284188034188
2.7694444444444444
2.769786324786325
2.771260683760684
2.774423076923077
2.781121794871795
2.7902884615384616
2.8014957264957263
2.8127457264957263
2.822820512820513
2.8328418803418804
2.842371794871795
2.8512820512820514
2.859882478632479
2.86767094017094
2.8758119658119656
2.884989316239316
2.8938034188034187
2.9028739316239314
2.911688034188034
2.9211324786324786
2.9299465811965812
2.9381410256410256
2.946602564102564
2.954284188034188
2.9611538461538465
2.9676602564102565
2.973985042735043
2.980811965811966
2.987318376068376
2.99349358974359
2.9996688034188037
3.0047649572649577
3.0097863247863255
3.014273504273505
3.0187286324786333
3.023290598290599
3.027938034188035
3.0322329059829065
3.036367521367522
3.0405341880341887
3.0445512820512826
3.048824786324787
3.05306623931624
3.0574145299145306
3.061452991452992
3.065438034188035
3.0690384615384625
3.072628205128206
3.076185897435898
3.0794337606837616
3.0828418803418813
3.0862179487179495
3.089989316239317
3.0934829059829068
3.097126068376069
3.1007585470085477
3.1042414529914537
3.1079273504273512
3.1121153846153855
3.115608974358975
3.1189957264957275
3.122061965811967
3.125267094017095
3.1282371794871806
3.13113247863248
3.1338034188034203
3.136752136752138
3.1393482905982917
3.1420833333333342
3.144732905982907
3.147254273504274
3.1498504273504278
3.152510683760684
3.155192307692308
3.157873931623932
3.1607692307692314
3.163472222222223
3.1664423076923085
3.1694658119658126
3.172692307692308
3.1757264957264963
3.178782051282052
3.18190170940171
3.184732905982907
3.187574786324787
3.1905982905982913
3.193568376068377
3.196549145299146
3.1999679487179495
3.203418803418804
3.2067841880341885
3.2099679487179493
3.213376068376069
3.217393162393163
3.220918803418804
3.224626068376069
3.2282585470085476
3.2318910256410263
3.2359829059829064
3.239935897435898
3.244134615384616
3.2481196581196587
3.25190170940171
3.2561752136752142
3.259711538461539
3.2640384615384623
3.2684188034188044
3.272500000000001
3.2766239316239325
3.281250000000001
3.2857371794871804
3.290758547008548
3.296121794871796
3.3020726495726507
3.308076923076924
3.3146688034188045
3.321121794871796
3.327029914529916
3.3328311965811976
3.3382371794871806
3.343301282051283
3.348408119658121
3.3532478632478644
3.3580235042735054
3.363087606837608
3.3678846153846163
3.372938034188035
3.377446581196582
3.3823183760683766
3.3873717948717954
3.392574786324787
3.3978632478632482
3.4032905982905985
3.4085897435897436
3.41366452991453
3.418482905982906
3.4233760683760686
3.4283440170940174
3.433365384615385
3.438632478632479
3.4436431623931627
3.448952991452992
3.4540598290598297
3.4593269230769237
3.4649572649572655
3.4706730769230774
3.476474358974359
3.4825213675213678
3.4890918803418804
3.4961965811965814
3.5038675213675217
3.511933760683761
3.5196688034188037
3.527393162393163
3.534081196581197
3.541228632478633
3.5483012820512823
3.555470085470086
3.56215811965812
3.5684722222222227
3.574978632478633
3.580865384615385
3.5861752136752143
3.5911111111111116
3.596047008547009
3.6011004273504277
3.606228632478633
3.6111111111111116
3.6161538461538467
3.621143162393163
3.6268589743589748
3.6318589743589746
3.6361431623931626
3.639017094017094
3.641645299145299
3.6438675213675213
3.6454273504273504
3.6468269230769232
3.6477029914529915
3.648568376068376
3.649476495726496
3.6506410256410255
3.6514957264957264
3.6528632478632477
3.654690170940171
3.6569444444444446
3.6602457264957264
3.6647435897435896
3.6705448717948714
3.6777243589743587
3.6875106837606832
3.7008547008547
3.7139209401709397
3.722713675213675
3.729188034188034
3.7348504273504273
3.7425534188034186
3.7502350427350426
3.75650641025641
3.7597329059829057
3.7610790598290595
3.76142094017094
3.7615705128205126
3.761613247863248
3.7616666666666667
3.7616773504273504
3.7617094017094015
3.7617414529914526
3.761784188034188
3.761816239316239
3.76184829059829
3.7618696581196573
3.7618696581196573
3.7619017094017084
3.761965811965811
3.7619871794871784
3.7620192307692295
3.7620512820512806
3.762072649572648
3.762115384615383
3.7621474358974343
3.7621688034188017
3.7621794871794854
3.7622115384615364
3.7622649572649554
3.7623076923076906
3.7623183760683743
3.7623504273504254
3.7623717948717927
3.76239316239316
3.7624572649572627
3.7624679487179464
3.7625106837606817
3.762532051282049
3.7625534188034164
3.762574786324784
3.7625854700854675
3.7626282051282027
3.76264957264957
3.762702991452989
3.76273504273504
3.762767094017091
3.7627884615384586
3.762852564102561
3.7628952991452964
3.7629380341880316
3.762980769230767
3.7630341880341858
3.763076923076921
3.7631410256410236
3.7633226495726477
3.7644444444444427
3.7692094017094
